<?xml version="1.0"?>
<!--
  imagelist_creator image_list.xml ./images/*.jpg
  calibration.exe -pt=acircles -w=6 -h=7 -s=63.5 -o=livecam.xml -oe image_list.xml
-->
<opencv_storage>
<calibration_time>"Mon Jun 27 18:17:04 2016"</calibration_time>
<nframes>22</nframes>
<image_width>1280</image_width>
<image_height>720</image_height>
<board_width>6</board_width>
<board_height>7</board_height>
<square_size>6.3500000000000000e+01</square_size>
<aspectRatio>1.</aspectRatio>
<flags>2</flags>
<camera_matrix type_id="opencv-matrix">
  <rows>3</rows>
  <cols>3</cols>
  <dt>d</dt>
  <data>
    1.0042392980927749e+03 0. 6.5136951171007581e+02 0.
    1.0042392980927749e+03 3.6267201422642086e+02 0. 0. 1.</data></camera_matrix>
<distortion_coefficients type_id="opencv-matrix">
  <rows>5</rows>
  <cols>1</cols>
  <dt>d</dt>
  <data>
    -9.3961122706522140e-03 9.2994671413223359e-02
    4.3483320770955382e-03 -4.4708582678050268e-04
    -2.5799078266809977e-01</data></distortion_coefficients>
<avg_reprojection_error>2.1766814155451000e-01</avg_reprojection_error>
<per_view_reprojection_errors type_id="opencv-matrix">
  <rows>22</rows>
  <cols>1</cols>
  <dt>f</dt>
  <data>
    1.49103969e-01 2.02511936e-01 1.67843446e-01 2.47412771e-01
    2.45356068e-01 2.69655228e-01 1.75312743e-01 3.46848905e-01
    2.75931329e-01 1.25939608e-01 1.72883913e-01 2.13386163e-01
    1.64105505e-01 1.41625211e-01 1.45005375e-01 2.50013441e-01
    2.47296765e-01 2.11558476e-01 3.05182993e-01 2.01697767e-01
    1.68308482e-01 1.99412480e-01</data></per_view_reprojection_errors>
<extrinsic_parameters type_id="opencv-matrix">
  <rows>22</rows>
  <cols>6</cols>
  <dt>d</dt>
  <data>
    1.5285136824240188e-02 -8.0480909944176826e-01
    -3.0312400448396097e+00 2.8384430058575305e+02
    1.0138277415341146e+02 1.0789290922705013e+03
    -1.5774703607229551e-01 7.9535572625648221e-01
    2.8806955341221592e+00 4.2240695761594907e+02 4.8445203949334058e+01
    1.0697595021470840e+03 -2.2756749794411668e-01
    -3.0656340017659905e-01 2.8545349848714121e+00
    7.2084579451422871e+02 -3.4262630889026795e+01
    1.6412930600742695e+03 -8.9452311603375245e-01
    6.8721583442079859e-01 2.8431482064707327e+00 3.1596163000204012e+02
    1.7150498662254375e+02 1.1210216162550521e+03 5.7837688429600320e-01
    7.7765865846961113e-01 2.8777343263981696e+00 1.7961960799235834e+02
    8.9264294690002089e+01 7.5089072668503400e+02
    -4.8982783527635765e-01 -5.3368630660319794e-01
    -1.2912720811870304e+00 -1.3109369742935979e+02
    1.4256659703869661e+02 8.9085839205719128e+02
    -4.7169300966318256e-01 -2.0711474846256109e-01
    -8.2728099867614258e-01 -3.9593213537754696e+02
    2.9722437783799659e+01 1.2786234685249976e+03
    -3.3099191911332992e-01 7.4942014466159845e-03
    -1.1622465263578867e+00 -3.1585058866763433e+02
    2.1374497317004779e+02 1.3686676076755869e+03
    -6.3783594787487219e-01 2.1559620568557608e-01
    7.4436073676709213e-01 -2.6491827949998668e+02
    -3.6328431788934125e+02 1.3291992651024418e+03
    -5.0545962937862621e-01 2.4792349336496308e-01
    -5.3241979496166958e-01 -2.1910915999632459e+02
    5.1610886723680018e+01 1.5713759657461653e+03
    -5.2318806877806956e-01 4.4136143066912925e-01
    -8.6172226152601561e-01 -1.4383126570474226e+02
    1.6552829035635273e+02 1.6996846582723028e+03
    -6.1199845444069523e-01 -4.6173663383374552e-01
    -1.1636706017631677e+00 -2.8511791771863074e+02
    9.6529676720769885e+01 9.5184994805574286e+02
    -4.1259872275029819e-01 -4.3316278879808645e-01
    -6.7810130777565403e-01 -3.9055584354190415e+02
    -5.4715590737511285e+01 9.7368061040131568e+02
    -4.4287361183719787e-01 -4.6458382752205568e-01
    -5.1027438615622700e-01 -4.6730603012620065e+02
    -2.3728955735572402e+01 1.2671962262369050e+03
    -4.7954453147465609e-01 1.0801824814629990e-01
    -2.0512085926936440e-02 -2.4097190380313819e+02
    -2.9331927079913993e+02 1.2830402677283635e+03
    -4.5291867193461871e-01 6.4345502353237910e-02
    -1.1037459772527378e-01 -3.8242144273366330e+02
    -1.3257185912411876e+02 1.1660432927612494e+03
    -4.4913315741033777e-01 5.9723495421722816e-01
    1.5765385412998827e+00 3.3517939862133017e+02
    -3.2807607170864765e+02 1.3112788804056270e+03
    -3.9561579996983542e-01 6.3694121807080217e-01
    1.6496380581517123e+00 5.3211279595047642e+02
    -3.3509376547255073e+02 1.2810428816314929e+03
    -3.7644383852194263e-01 5.3152466637282925e-01
    1.4897574547402694e+00 2.9621287489830007e+02
    -3.4738811459489318e+02 1.3963574023368160e+03
    -6.9176442219169521e-01 -3.3930672115258537e-01
    -1.2103252035804914e+00 1.3221986264290680e+02
    1.6927996757521834e+02 1.0834116695499526e+03
    -4.8910189340092330e-01 -5.1369634588216673e-01
    -1.4528041202424566e+00 -3.1943954757758519e+02
    1.2404500590940297e+02 1.1334228991658849e+03
    -4.0231105815584291e-02 -8.5118363789574392e-01
    -2.8851817249114888e+00 4.6595959949344177e+02
    1.5900061475724883e+01 1.0054278238195183e+03</data></extrinsic_parameters>
</opencv_storage>
