0.584810 -0.415819 0.696486 0.811065 0.313596 -0.493793 -0.013087 0.853670 0.520650 -2.106206 7.090117 265.469027
0.581098 -0.421096 0.696421 0.813816 0.306311 -0.493840 -0.005367 0.853728 0.520691 -1.903473 6.890161 265.440145
0.575332 -0.432054 0.694494 0.817870 0.294517 -0.494316 0.009031 0.852402 0.522809 -1.429502 6.087929 265.486801
0.566770 -0.449614 0.690376 0.823278 0.277156 -0.495377 0.031387 0.849136 0.527241 -0.737061 4.901522 265.378306
0.557617 -0.471167 0.683421 0.827941 0.256363 -0.498791 0.059810 0.843967 0.533050 0.009072 3.189488 265.046157
0.547094 -0.493564 0.676080 0.832488 0.236416 -0.501069 0.087473 0.836960 0.540228 0.597092 1.450979 264.214857
0.536115 -0.513579 0.669938 0.836304 0.215221 -0.504258 0.114791 0.830612 0.544892 1.116423 -0.038695 263.525748
0.527341 -0.532156 0.662360 0.837941 0.196738 -0.509067 0.140592 0.823471 0.549663 1.669265 -1.739064 262.804054
0.519968 -0.549473 0.653998 0.838545 0.182507 -0.513355 0.162716 0.815335 0.555655 1.955869 -3.477944 261.915359
0.510161 -0.565486 0.648044 0.840846 0.169473 -0.514059 0.180867 0.807159 0.561945 1.702406 -5.030567 260.820784
0.497687 -0.578815 0.645973 0.844223 0.152404 -0.513868 0.198985 0.801090 0.564499 1.424689 -6.382864 260.142413
0.485639 -0.594592 0.640793 0.845929 0.134870 -0.515959 0.220361 0.792635 0.568481 1.321378 -8.215242 259.388504
0.473194 -0.612659 0.633037 0.846122 0.115996 -0.520213 0.245284 0.781789 0.573273 1.031812 -10.302378 258.282820
0.456810 -0.632926 0.625083 0.847501 0.096131 -0.522016 0.270308 0.768221 0.580320 0.240873 -12.252323 257.181579
0.436304 -0.652377 0.619712 0.850110 0.073158 -0.521499 0.294877 0.754356 0.586511 -0.931093 -13.919181 256.359907
0.418465 -0.669134 0.614123 0.852643 0.056501 -0.519430 0.312870 0.740991 0.594176 -2.137681 -14.916926 255.311617
0.412139 -0.674626 0.612389 0.853224 0.049998 -0.519142 0.319609 0.736464 0.596214 -3.405367 -14.796396 254.825797
0.410241 -0.671204 0.617404 0.857512 0.053445 -0.511681 0.310445 0.739343 0.597491 -4.957250 -13.661644 254.617695
0.417238 -0.658662 0.626161 0.860014 0.063462 -0.506309 0.293749 0.749758 0.592937 -6.166801 -11.663377 254.532158
0.428124 -0.640994 0.637053 0.861804 0.077383 -0.501305 0.272037 0.763635 0.585540 -7.119926 -9.204285 254.605475
0.439844 -0.620754 0.649001 0.861581 0.087758 -0.499977 0.253408 0.779078 0.573430 -7.816255 -6.788146 254.790620
0.449304 -0.605161 0.657195 0.861741 0.099539 -0.497488 0.235644 0.789855 0.566216 -8.288189 -4.842645 254.699529
0.460314 -0.589217 0.664029 0.860130 0.110861 -0.497882 0.219745 0.800333 0.557834 -8.546466 -2.670713 254.342199
0.471867 -0.572305 0.670677 0.857701 0.121801 -0.499514 0.204185 0.810944 0.548341 -8.756050 -0.423241 253.905628
0.485259 -0.552764 0.677477 0.854135 0.133947 -0.502506 0.187021 0.822503 0.537134 -8.912497 2.004377 253.443136
0.500124 -0.532507 0.682871 0.849533 0.148873 -0.506093 0.167836 0.833231 0.526837 -9.115601 4.236297 252.804757
0.513368 -0.509259 0.690730 0.845711 0.163577 -0.507952 0.145692 0.844924 0.514662 -9.624749 6.950333 251.820158
0.523074 -0.486610 0.699718 0.843153 0.175573 -0.508199 0.124443 0.855795 0.502124 -10.105940 9.411462 251.379143
0.537308 -0.464423 0.703996 0.836848 0.189850 -0.513461 0.104810 0.865025 0.490660 -10.272570 11.649121 250.267904
0.551103 -0.440395 0.708758 0.830372 0.205696 -0.517854 0.082272 0.873923 0.479051 -10.540660 13.882892 249.584350
0.565769 -0.415411 0.712277 0.822557 0.224106 -0.522663 0.057495 0.881595 0.468491 -10.826153 15.823394 248.760826
0.580283 -0.389292 0.715348 0.813832 0.243958 -0.527411 0.030802 0.888221 0.458383 -11.146638 17.722238 247.808812
0.592583 -0.363263 0.718947 0.805498 0.262630 -0.531223 0.004156 0.893905 0.448238 -11.469901 19.588312 247.122295
0.604040 -0.340690 0.720462 0.796710 0.280502 -0.535324 -0.019712 0.897356 0.440866 -11.699110 20.958383 246.536498
0.614070 -0.319663 0.721619 0.788163 0.296378 -0.539406 -0.041444 0.899986 0.433944 -11.882774 22.276428 245.797400
0.624774 -0.297861 0.721759 0.778185 0.313210 -0.544360 -0.063919 0.901764 0.427476 -12.212331 23.472278 245.013127
0.632122 -0.277801 0.723359 0.769952 0.330185 -0.546033 -0.087154 0.902111 0.422610 -12.807201 24.514828 244.700602
0.637739 -0.261237 0.724599 0.762794 0.344801 -0.547045 -0.106934 0.901592 0.419163 -13.241366 25.162279 244.228854
0.641872 -0.249291 0.725158 0.757200 0.355319 -0.548084 -0.121030 0.900890 0.416833 -13.340418 25.720491 243.886336
0.645742 -0.246235 0.722762 0.753355 0.359664 -0.550543 -0.124389 0.900006 0.417752 -12.854784 25.863978 243.896704
0.648422 -0.251891 0.718401 0.751924 0.359416 -0.552658 -0.118996 0.898538 0.422456 -11.954610 25.467583 244.226262
0.648182 -0.263937 0.714281 0.753877 0.354686 -0.553053 -0.107374 0.896959 0.428877 -11.000744 24.535935 244.438067
0.645268 -0.277819 0.711650 0.758272 0.346338 -0.552335 -0.093023 0.896028 0.434143 -10.211843 23.615951 244.482872
0.642204 -0.293336 0.708186 0.762709 0.336708 -0.552180 -0.076477 0.894753 0.439965 -9.563651 22.574882 244.692826
0.638083 -0.309223 0.705146 0.767627 0.326830 -0.551299 -0.059989 0.893064 0.445913 -9.024695 21.408470 244.911667
0.633964 -0.325211 0.701660 0.772129 0.317378 -0.550534 -0.043652 0.890791 0.452311 -8.447228 19.953047 245.110513
0.629441 -0.340600 0.698424 0.776531 0.308506 -0.549385 -0.028348 0.888153 0.458673 -7.935303 18.478184 245.342314
0.624258 -0.358205 0.694256 0.781138 0.298950 -0.548136 -0.011203 0.884488 0.466429 -7.365242 16.607112 245.580040
0.618968 -0.374964 0.690131 0.785398 0.289503 -0.547118 0.005354 0.880676 0.473689 -6.931078 14.781029 245.508574
0.611644 -0.392397 0.686962 0.790805 0.278239 -0.545170 0.022784 0.876703 0.480492 -6.480065 12.998271 245.628548
0.604127 -0.412010 0.682114 0.795695 0.265045 -0.544629 0.043601 0.871779 0.487955 -5.949811 10.999448 245.754817
0.596694 -0.432273 0.676089 0.799821 0.251976 -0.544789 0.065139 0.865822 0.496094 -5.538049 8.931197 245.676685
0.588630 -0.450018 0.671564 0.803979 0.239100 -0.544471 0.084451 0.860415 0.502547 -5.430850 7.326547 245.212342
0.578539 -0.465868 0.669523 0.809155 0.224385 -0.543064 0.102765 0.855931 0.506775 -5.330687 5.848167 245.480432
0.570397 -0.484459 0.663285 0.812201 0.212354 -0.543356 0.122382 0.848649 0.514604 -5.168871 3.888224 245.239003
0.563790 -0.499856 0.657484 0.814153 0.202464 -0.544208 0.138909 0.842112 0.521107 -5.233301 2.427618 244.663944
0.556431 -0.510904 0.655257 0.817086 0.193282 -0.543151 0.150849 0.837627 0.525000 -5.508056 1.313787 244.589516
0.550053 -0.522291 0.651655 0.819309 0.186320 -0.542234 0.161788 0.832164 0.530404 -5.846315 0.132749 244.108139
0.542676 -0.531315 0.650543 0.822313 0.178222 -0.540406 0.171185 0.828216 0.533624 -6.300660 -0.667817 243.696748
0.535950 -0.539503 0.649379 0.824704 0.170010 -0.539406 0.180610 0.824641 0.536048 -6.737787 -1.347854 243.334234
0.527992 -0.547910 0.648860 0.827878 0.161748 -0.537080 0.189320 0.820751 0.539004 -7.207684 -2.059180 242.977275
0.521250 -0.557390 0.646231 0.829612 0.153400 -0.536854 0.200105 0.815956 0.542377 -7.537612 -2.922880 242.519598
0.517774 -0.565306 0.642137 0.829551 0.148226 -0.538400 0.209180 0.811454 0.545697 -7.922528 -3.444803 241.653120
0.512721 -0.569421 0.642556 0.831147 0.141601 -0.537721 0.215203 0.809759 0.545874 -8.480739 -3.663644 241.299864
0.511243 -0.573141 0.640422 0.831094 0.139905 -0.538247 0.218893 0.807426 0.547859 -9.159850 -3.956173 240.615199
0.512466 -0.572511 0.640008 0.831122 0.143297 -0.537310 0.215905 0.807278 0.549261 -9.980412 -3.849159 239.874990
0.517920 -0.565215 0.642099 0.830211 0.151206 -0.536550 0.206177 0.810967 0.547561 -10.535661 -3.166901 239.350660
0.528737 -0.553910 0.643134 0.826677 0.164251 -0.538170 0.192463 0.816214 0.544750 -10.741542 -2.404845 238.807075
0.540804 -0.539217 0.645582 0.822576 0.178633 -0.539870 0.175785 0.823004 0.540152 -10.932426 -1.157895 238.247938
0.548594 -0.525173 0.650567 0.820651 0.189387 -0.539134 0.159930 0.829654 0.534880 -11.127383 0.100719 237.996142
0.558084 -0.512578 0.652538 0.816412 0.198573 -0.542255 0.148371 0.835364 0.529295 -11.101648 1.468753 237.498843
0.567689 -0.498151 0.655420 0.811865 0.206854 -0.545973 0.136400 0.842055 0.521860 -11.266982 3.017859 237.161139
0.575361 -0.483006 0.660050 0.808727 0.215439 -0.547309 0.122153 0.848700 0.514574 -11.730400 4.637690 236.806772
0.580960 -0.469236 0.665059 0.806767 0.223797 -0.546848 0.107762 0.854244 0.508581 -12.185115 6.028497 236.616443
0.589685 -0.455370 0.667016 0.801976 0.232574 -0.550221 0.095423 0.859388 0.502342 -12.417472 7.420045 235.979915
0.597514 -0.439145 0.670916 0.797767 0.241151 -0.552643 0.080898 0.865447 0.494427 -12.855894 9.017104 235.748855
0.602043 -0.425206 0.675828 0.795756 0.249868 -0.551669 0.065706 0.869923 0.488792 -13.502235 10.223877 235.600739
0.606093 -0.414193 0.679040 0.793607 0.257729 -0.551147 0.053272 0.872937 0.484915 -14.056558 11.158858 235.193791
0.610863 -0.402858 0.681580 0.790610 0.264475 -0.552258 0.042221 0.876218 0.480062 -14.565706 12.217515 234.788324
0.616553 -0.389879 0.684000 0.786753 0.272345 -0.553938 0.029685 0.879672 0.474653 -15.111513 13.282468 234.428032
0.620707 -0.376991 0.687459 0.783887 0.280924 -0.553717 0.015623 0.882587 0.469890 -15.790253 14.232631 234.124025
0.623035 -0.366005 0.691280 0.782188 0.288122 -0.552419 0.003016 0.884888 0.465795 -16.330876 15.133915 233.999607
0.629075 -0.355475 0.691305 0.777316 0.295288 -0.555504 -0.006666 0.886816 0.462075 -16.517502 15.821543 233.628577
0.634385 -0.343986 0.692264 0.772799 0.303489 -0.557383 -0.018363 0.888576 0.458361 -16.845948 16.522501 233.592659
0.637031 -0.335475 0.694009 0.770285 0.311159 -0.556635 -0.029210 0.889178 0.456629 -17.259192 16.852429 233.562296
0.637581 -0.330647 0.695818 0.769523 0.316018 -0.554948 -0.036399 0.889272 0.455927 -17.646329 17.034426 233.455282
0.636004 -0.330483 0.697338 0.770732 0.316959 -0.552729 -0.038360 0.888998 0.456301 -17.981071 17.026835 233.504901
0.634932 -0.331634 0.697768 0.771726 0.314408 -0.552799 -0.036057 0.889476 0.455558 -18.294706 17.078305 233.114986
0.631509 -0.333743 0.699865 0.774596 0.311833 -0.550238 -0.034603 0.889593 0.455441 -18.719428 17.244565 233.247179
0.626922 -0.340105 0.700926 0.778495 0.308393 -0.546662 -0.030238 0.888382 0.458108 -18.930863 16.955739 233.386778
0.622374 -0.350746 0.699734 0.782453 0.302169 -0.544483 -0.020463 0.886381 0.462505 -18.734054 16.443074 233.549336
0.618603 -0.363947 0.696328 0.785677 0.293791 -0.544424 -0.006434 0.883872 0.467685 -18.165475 15.772109 233.797800
0.614256 -0.380958 0.691057 0.789026 0.284044 -0.544753 0.011238 0.879881 0.475062 -17.541537 14.616065 234.043672
0.612907 -0.395653 0.683962 0.789589 0.273920 -0.549106 0.029904 0.876600 0.480290 -16.850022 13.641093 233.652276
0.611459 -0.406121 0.679105 0.790029 0.265175 -0.552753 0.044403 0.874499 0.482991 -16.426411 12.953466 233.507863
0.608221 -0.415835 0.676127 0.791847 0.258642 -0.553247 0.055184 0.871886 0.486589 -16.289959 12.129387 233.367894
0.604839 -0.425608 0.673074 0.793673 0.252956 -0.553259 0.065214 0.868833 0.490791 -16.100556 11.261983 233.177565
0.601738 -0.435827 0.669303 0.795000 0.246327 -0.554345 0.076731 0.865666 0.494707 -15.732303 10.312932 232.986866
0.599519 -0.447155 0.663799 0.795316 0.239867 -0.556719 0.089717 0.861694 0.499435 -15.270367 9.107639 232.869114
0.596164 -0.459766 0.658182 0.796238 0.233486 -0.558112 0.102925 0.856796 0.505279 -14.880452 7.771635 232.742105
0.594932 -0.473268 0.649672 0.795071 0.227870 -0.562083 0.117974 0.850936 0.511849 -14.427773 6.262150 232.274429
0.593954 -0.484240 0.642441 0.793829 0.223142 -0.565723 0.130590 0.846002 0.516940 -14.075258 5.145172 231.781203
0.591568 -0.494792 0.636575 0.793340 0.216473 -0.568991 0.143731 0.841618 0.520597 -13.671457 4.217597 231.522001
0.589401 -0.505453 0.630178 0.792214 0.208956 -0.573353 0.158124 0.837171 0.523586 -13.218593 3.376299 231.162079
0.586374 -0.516604 0.623927 0.791277 0.200475 -0.577660 0.173340 0.832424 0.526330 -12.714074 2.664233 230.934351
0.583164 -0.527456 0.617827 0.790092 0.191435 -0.582330 0.188879 0.827734 0.528377 -12.095135 1.931245 230.865107
0.581589 -0.538629 0.609617 0.787282 0.184021 -0.588492 0.204796 0.822201 0.531078 -11.568213 0.906654 230.649969
0.582100 -0.546932 0.601685 0.783553 0.179585 -0.594805 0.217265 0.817688 0.533087 -11.480269 0.147375 229.906058
0.579892 -0.550790 0.600297 0.783488 0.175053 -0.596241 0.223319 0.816080 0.533049 -11.896474 -0.194957 229.543914
0.576771 -0.554691 0.599711 0.784901 0.172816 -0.595034 0.226420 0.813912 0.535052 -12.558552 -0.726323 229.236945
0.577195 -0.555918 0.598164 0.784250 0.173217 -0.595775 0.227590 0.812989 0.535959 -13.271359 -0.977379 228.568572
0.578563 -0.553102 0.599452 0.784044 0.174566 -0.595653 0.224813 0.814619 0.534654 -14.098586 -0.680592 227.958335
0.580151 -0.547236 0.603289 0.784653 0.176794 -0.594191 0.218505 0.818093 0.531958 -14.908779 -0.078316 227.755046
0.585402 -0.538934 0.605685 0.783006 0.182084 -0.594767 0.210254 0.822433 0.528581 -15.429406 0.583576 227.683580
0.595698 -0.525709 0.607267 0.778159 0.190390 -0.598515 0.199027 0.829085 0.522500 -15.915781 1.575211 227.221829
0.603265 -0.509575 0.613518 0.776167 0.198218 -0.598560 0.183401 0.837283 0.515093 -16.646918 2.987680 227.144809
0.608918 -0.494587 0.620163 0.775217 0.205364 -0.597381 0.168098 0.844517 0.508462 -17.337693 4.366638 227.267375
0.615668 -0.481465 0.623814 0.772322 0.211527 -0.598979 0.156434 0.850558 0.502076 -17.779448 5.823727 227.215534
0.623293 -0.466782 0.627392 0.768313 0.216163 -0.602468 0.145602 0.857548 0.493368 -18.148812 7.482254 227.174803
0.630372 -0.451981 0.631145 0.764596 0.220889 -0.605476 0.134251 0.864246 0.484825 -18.519287 9.237981 227.211091
0.638654 -0.437257 0.633189 0.759495 0.225969 -0.610004 0.123647 0.870485 0.476411 -18.672216 10.961123 227.285519
0.649033 -0.420058 0.634278 0.752352 0.230787 -0.617012 0.112798 0.877661 0.465820 -18.835329 12.766099 227.167397
0.656916 -0.402127 0.637774 0.747396 0.235908 -0.621085 0.099299 0.884670 0.455520 -19.268938 14.617917 227.158510
0.667103 -0.382656 0.639177 0.740122 0.242754 -0.627129 0.084812 0.891428 0.445154 -19.779011 16.340133 226.887828
0.674811 -0.360853 0.643751 0.735082 0.251290 -0.629688 0.065457 0.898130 0.434830 -20.589205 18.116782 226.771928
0.682516 -0.340872 0.646512 0.729389 0.261376 -0.632198 0.046516 0.903044 0.427022 -21.388474 19.599236 226.539386
0.690422 -0.320894 0.648339 0.722867 0.271434 -0.635442 0.027928 0.907387 0.419367 -22.035000 21.130938 226.339430
0.697883 -0.301696 0.649569 0.716142 0.281287 -0.638762 0.009997 0.910965 0.412363 -22.566550 22.417509 226.281294
0.705724 -0.283097 0.649469 0.708463 0.289465 -0.643654 -0.005781 0.914366 0.404846 -23.044039 23.681677 225.921373
0.708681 -0.270346 0.651678 0.705263 0.296802 -0.643826 -0.019363 0.915872 0.401003 -23.457467 24.725153 226.240192
0.713092 -0.260135 0.651023 0.700530 0.300877 -0.647094 -0.027546 0.917498 0.396785 -23.640205 25.444255 226.212420
0.713446 -0.252893 0.653482 0.699897 0.302097 -0.647211 -0.033740 0.919120 0.392529 -24.086403 26.098371 226.219085
0.710464 -0.251924 0.657096 0.702864 0.300424 -0.644770 -0.034974 0.919935 0.390508 -24.716081 26.506800 226.188722
0.706848 -0.256701 0.659144 0.706679 0.297307 -0.642038 -0.031156 0.919627 0.391556 -25.201345 26.707868 226.237230
0.702836 -0.263885 0.660595 0.710916 0.293068 -0.639303 -0.024897 0.918953 0.393579 -25.490911 26.694722 226.428669
0.698649 -0.272727 0.661445 0.715251 0.288812 -0.636399 -0.017470 0.917719 0.396847 -25.802695 26.349057 226.571231
0.695424 -0.284729 0.659784 0.718554 0.285886 -0.633995 -0.008107 0.914985 0.403405 -25.907487 25.697718 226.866351
0.692308 -0.297437 0.657451 0.721601 0.283240 -0.631718 0.001680 0.911760 0.410720 -25.789550 24.831981 227.299220
0.688593 -0.313061 0.654089 0.725041 0.281750 -0.628436 0.012449 0.906978 0.420993 -25.508870 23.483572 228.066089
0.687436 -0.330171 0.646853 0.725761 0.279834 -0.628461 0.026488 0.901488 0.431994 -24.884933 21.862260 228.534135
0.685862 -0.347811 0.639234 0.726562 0.277508 -0.628567 0.041229 0.895554 0.443039 -24.101770 20.118937 229.155111
0.685814 -0.365663 0.629245 0.725432 0.274114 -0.631356 0.058379 0.889467 0.453255 -23.068478 18.375059 229.490223
0.682152 -0.386014 0.621017 0.727206 0.269381 -0.631352 0.076421 0.882285 0.464470 -21.980937 16.394195 230.346332
0.681588 -0.406484 0.608448 0.725123 0.263659 -0.636145 0.098160 0.874788 0.474458 -20.729544 14.320574 230.488153
0.679383 -0.426906 0.596817 0.724056 0.258020 -0.639663 0.119085 0.866705 0.484398 -19.530547 12.286574 230.942868
0.681255 -0.443398 0.582487 0.718711 0.253933 -0.647281 0.139090 0.859603 0.491668 -18.232868 10.416057 230.815859
0.683630 -0.456828 0.569172 0.713313 0.253260 -0.653486 0.154382 0.852741 0.498998 -16.938521 8.656997 230.961383
0.688505 -0.465450 0.556163 0.706091 0.255195 -0.660538 0.165517 0.847486 0.504353 -15.647136 6.818695 231.075802
0.696556 -0.469500 0.542568 0.696329 0.259994 -0.668977 0.173020 0.843785 0.508026 -14.567743 5.283845 230.395580
0.701530 -0.471317 0.534524 0.690952 0.266213 -0.672099 0.174474 0.840828 0.512414 -13.770880 4.079664 230.350405
0.707265 -0.473904 0.524587 0.684399 0.273074 -0.676038 0.177126 0.837165 0.517476 -12.650014 2.677378 230.375585
0.713204 -0.476049 0.514507 0.676797 0.276624 -0.682221 0.182446 0.834779 0.519477 -11.524704 1.474122 229.904206
0.715845 -0.481149 0.506025 0.672213 0.278783 -0.685864 0.188931 0.831129 0.523000 -10.593611 0.284012 229.704990
0.719086 -0.488790 0.493963 0.665922 0.281483 -0.690880 0.198653 0.825743 0.527907 -9.359066 -0.940906 229.342477
0.725122 -0.492670 0.481118 0.655876 0.281234 -0.700524 0.209821 0.823519 0.527059 -7.871984 -1.813863 228.638186
0.730419 -0.492703 0.473003 0.648013 0.281112 -0.707853 0.215794 0.823541 0.524607 -6.910527 -2.577955 228.146072
0.735662 -0.492828 0.464675 0.640994 0.284799 -0.712753 0.218926 0.822198 0.525415 -6.387863 -3.351305 227.334768
0.739710 -0.490782 0.460394 0.636754 0.289196 -0.714780 0.217657 0.821887 0.526429 -6.187167 -3.947471 226.795996
0.743965 -0.489721 0.454632 0.632027 0.294828 -0.716672 0.216931 0.820518 0.528858 -5.954069 -4.459951 226.193906
0.750164 -0.485828 0.448581 0.625253 0.300369 -0.720303 0.215204 0.820822 0.529092 -5.807805 -4.685272 225.493318
0.753830 -0.481054 0.447579 0.622048 0.303062 -0.721948 0.211652 0.822642 0.527696 -6.063490 -4.333127 225.098960
0.755201 -0.477850 0.448699 0.621372 0.303906 -0.722175 0.208729 0.824197 0.526433 -6.421004 -3.893408 225.056747
0.758218 -0.474286 0.447391 0.618156 0.304713 -0.724592 0.207338 0.825956 0.524221 -6.573934 -3.162457 224.957139
0.762430 -0.467480 0.447396 0.613991 0.304419 -0.728247 0.204245 0.829934 0.519127 -6.640401 -2.124351 225.056377
0.767448 -0.458542 0.448066 0.609417 0.304739 -0.731946 0.199085 0.834789 0.513315 -6.735380 -0.961271 225.308914
0.776323 -0.444235 0.447189 0.600844 0.307058 -0.738039 0.190550 0.841648 0.505292 -6.957554 0.458789 225.102663
0.784801 -0.422978 0.452965 0.595033 0.309923 -0.741541 0.173271 0.851492 0.494913 -7.641108 2.465387 225.309284
0.790940 -0.401384 0.461850 0.592724 0.315128 -0.741196 0.151962 0.859991 0.487157 -8.531469 4.116323 226.015056
0.799933 -0.378926 0.465319 0.585458 0.322620 -0.743744 0.131703 0.867370 0.479920 -9.408500 5.864459 225.808064
0.806044 -0.355067 0.473519 0.581753 0.328121 -0.744245 0.108885 0.875365 0.471041 -10.396247 7.866799 226.238711
0.814229 -0.329964 0.477656 0.574066 0.335045 -0.747123 0.086488 0.882535 0.462225 -11.238100 9.657519 226.286848
0.820152 -0.300815 0.486684 0.569044 0.340415 -0.748537 0.059497 0.890858 0.450369 -12.381739 11.627829 226.382383
0.823716 -0.276884 0.494800 0.565936 0.347989 -0.747409 0.034760 0.895678 0.443342 -13.481684 13.192488 226.785999
0.825967 -0.259903 0.500229 0.563492 0.355483 -0.745727 0.015994 0.897821 0.440071 -14.255218 14.213376 227.153326
0.827009 -0.250848 0.503121 0.562153 0.358976 -0.745064 0.006290 0.899006 0.437891 -14.569594 14.950807 227.461777
0.828701 -0.247002 0.502240 0.559672 0.358199 -0.747302 0.004683 0.900380 0.435080 -14.604957 15.452734 227.428451
0.829572 -0.242361 0.503062 0.558393 0.355439 -0.749574 0.002860 0.902731 0.430195 -14.875268 16.040754 227.382535
0.828825 -0.239945 0.505446 0.559507 0.353850 -0.749495 0.000985 0.904001 0.427530 -15.336093 16.405859 227.418453
0.826814 -0.240781 0.508334 0.562474 0.351793 -0.748241 0.001334 0.904581 0.426300 -15.835243 16.635254 227.435857
0.823998 -0.247967 0.509450 0.566552 0.349926 -0.746036 0.006723 0.903363 0.428825 -16.012427 16.753746 227.598414
0.820330 -0.263251 0.507698 0.571570 0.347680 -0.743254 0.019146 0.899899 0.435678 -15.478840 16.301808 228.464521
0.821581 -0.279977 0.496606 0.568764 0.343130 -0.747509 0.038885 0.896591 0.441150 -14.244295 15.663985 228.387501
0.820659 -0.296738 0.488329 0.568380 0.335893 -0.751080 0.058848 0.893937 0.444313 -12.936988 15.106884 228.802595
0.819182 -0.316809 0.478093 0.567674 0.329021 -0.754646 0.081776 0.889594 0.449373 -11.556364 14.144687 229.140299
0.819991 -0.333394 0.465256 0.562818 0.321719 -0.761402 0.104165 0.886197 0.451446 -10.086685 13.233960 228.937380
0.818894 -0.345848 0.458042 0.561273 0.315779 -0.765021 0.119941 0.883557 0.452704 -9.042283 12.259358 229.374322
0.819944 -0.356776 0.447664 0.556667 0.314615 -0.768856 0.133467 0.879618 0.456572 -8.232831 10.861701 229.161405
0.819299 -0.365706 0.441598 0.555123 0.313197 -0.770549 0.143487 0.876451 0.459614 -7.759971 9.815633 229.088458
0.816189 -0.377431 0.437471 0.556784 0.311507 -0.770036 0.154360 0.872072 0.464396 -7.347654 8.422234 229.577611
0.817327 -0.386959 0.426895 0.551661 0.311748 -0.773617 0.166274 0.867800 0.468270 -6.922191 7.003470 228.958117
0.814619 -0.393174 0.426391 0.553936 0.309519 -0.772886 0.171902 0.865802 0.469933 -7.120851 6.011094 229.143632
0.811263 -0.404559 0.422119 0.556157 0.311199 -0.770614 0.180396 0.859934 0.477462 -7.185467 4.710822 229.291007
0.808190 -0.416151 0.416710 0.556834 0.309603 -0.770767 0.191740 0.854964 0.481946 -6.905343 3.572368 229.603161
0.805572 -0.427509 0.410231 0.556470 0.308151 -0.771611 0.203458 0.849870 0.486134 -6.666876 2.164712 229.660926
0.803309 -0.438197 0.403333 0.555712 0.307940 -0.772241 0.214192 0.844486 0.490882 -6.510059 0.985155 229.601680
0.800656 -0.447941 0.397867 0.555966 0.308017 -0.772028 0.223273 0.839330 0.495656 -6.268445 -0.343999 229.934940
0.802449 -0.454569 0.386579 0.550020 0.312207 -0.774600 0.231416 0.834203 0.500552 -5.984063 -1.784425 229.325073
0.803998 -0.453761 0.384302 0.547407 0.312393 -0.776374 0.232235 0.834572 0.499556 -6.265483 -2.264690 228.830737
0.800851 -0.458221 0.385579 0.551779 0.314345 -0.772481 0.232762 0.831397 0.504580 -6.776297 -3.175602 229.095864
0.800438 -0.462929 0.380784 0.550217 0.315394 -0.773167 0.237824 0.828386 0.507165 -7.006247 -3.834903 228.510066
0.798882 -0.465600 0.380795 0.551061 0.312807 -0.773617 0.241081 0.827870 0.506470 -7.516135 -4.172051 228.214205
0.796118 -0.468950 0.382467 0.554069 0.310751 -0.772296 0.243317 0.826752 0.507225 -8.259121 -4.623619 228.202726
0.796636 -0.467989 0.382566 0.554002 0.312148 -0.771780 0.241768 0.826771 0.507935 -9.249460 -5.066115 227.684321
0.795746 -0.465311 0.387652 0.558001 0.314481 -0.767943 0.235423 0.827398 0.509891 -10.653783 -5.071855 227.501768
0.796343 -0.461986 0.390393 0.559755 0.318372 -0.765058 0.229156 0.827773 0.512132 -11.825009 -4.982430 227.234419
0.799617 -0.452540 0.394741 0.558898 0.320394 -0.764840 0.219648 0.832199 0.509116 -12.966611 -4.239999 226.876349
0.803853 -0.438386 0.402041 0.557972 0.321514 -0.765046 0.206124 0.839313 0.503057 -14.277991 -2.876594 226.419042
0.805770 -0.422987 0.414507 0.561116 0.321399 -0.762792 0.189429 0.847222 0.496319 -15.799140 -1.255837 226.648992
0.807498 -0.410670 0.423434 0.563199 0.323355 -0.760426 0.175365 0.852521 0.492398 -16.980734 0.277347 226.894123
0.811548 -0.397251 0.428464 0.560926 0.324429 -0.761648 0.163559 0.858451 0.486118 -17.705946 1.961794 226.903380
0.816352 -0.379582 0.435301 0.557918 0.323419 -0.764283 0.149323 0.866786 0.475799 -18.398387 3.978945 226.952629
0.820489 -0.360553 0.443621 0.556157 0.323936 -0.765346 0.132243 0.874681 0.466310 -19.185252 5.819469 227.245898
0.825284 -0.340593 0.450448 0.553046 0.326116 -0.766674 0.114225 0.881841 0.457502 -19.914537 7.500028 227.382905
0.829372 -0.319676 0.458202 0.550719 0.329676 -0.766826 0.094078 0.888325 0.449476 -20.803047 8.887873 227.611374
0.834430 -0.297878 0.463675 0.546262 0.335656 -0.767419 0.072962 0.893646 0.442801 -21.697666 10.208695 227.508433
0.835989 -0.278102 0.473055 0.546348 0.341324 -0.764854 0.051242 0.897862 0.437284 -22.730774 11.239396 228.036466
0.839439 -0.261677 0.476306 0.542362 0.347852 -0.764750 0.034433 0.900291 0.433924 -23.499495 12.070881 227.753195
0.839252 -0.247873 0.483957 0.543395 0.350546 -0.762784 0.019425 0.903148 0.428889 -24.393188 13.009194 228.039428
0.839098 -0.236894 0.489689 0.543929 0.352938 -0.761299 0.007518 0.905161 0.425003 -25.161909 13.804946 228.207540
0.837174 -0.230831 0.495839 0.546935 0.355371 -0.758006 -0.001235 0.905775 0.423757 -25.837502 14.198749 228.756309
0.838307 -0.227889 0.495287 0.545173 0.359361 -0.757395 -0.005385 0.904946 0.425493 -26.072451 14.316501 228.758901
0.838357 -0.223166 0.497347 0.545016 0.361091 -0.756684 -0.010722 0.905434 0.424352 -26.310177 14.409259 229.245461
0.839875 -0.220185 0.496114 0.542601 0.364086 -0.756985 -0.013952 0.904964 0.425259 -26.404971 14.458322 229.293599
0.840421 -0.216953 0.496613 0.541648 0.366041 -0.756724 -0.017608 0.904956 0.425141 -26.497913 14.309466 229.794971
0.842326 -0.213578 0.494844 0.538565 0.369010 -0.757482 -0.020821 0.904553 0.425853 -26.652509 14.072295 229.593163
0.840627 -0.216842 0.496313 0.541197 0.372301 -0.753988 -0.021282 0.902425 0.430321 -26.745822 13.784395 230.257833
0.842219 -0.226680 0.489167 0.538983 0.375644 -0.753916 -0.012855 0.898614 0.438551 -25.911560 13.162124 230.706994
0.846362 -0.237620 0.476664 0.532607 0.375714 -0.758399 0.001121 0.895754 0.444548 -24.389485 12.673527 230.941017
0.849101 -0.248397 0.466183 0.527966 0.371197 -0.763848 0.016692 0.894713 0.446329 -22.708001 12.180857 231.564584
0.852180 -0.261884 0.452997 0.522046 0.366858 -0.769990 0.035463 0.892655 0.449344 -21.022443 11.460088 231.624941
0.856203 -0.274184 0.437881 0.513792 0.363021 -0.777324 0.054170 0.890527 0.451693 -19.311891 11.007224 231.333523
0.858359 -0.282358 0.428361 0.508439 0.356489 -0.783840 0.068618 0.890612 0.449558 -17.749640 10.792827 231.797866
0.860381 -0.290830 0.418524 0.503017 0.352513 -0.789119 0.081964 0.889468 0.449588 -16.388826 10.063912 232.040036
0.862403 -0.298120 0.409127 0.497392 0.348730 -0.794348 0.094136 0.888545 0.449029 -15.375159 9.524030 231.794534
0.861729 -0.306470 0.404350 0.496578 0.345961 -0.796066 0.104080 0.886785 0.450311 -14.714192 8.843808 232.125202
0.862574 -0.313761 0.396887 0.493092 0.345763 -0.798316 0.113252 0.884309 0.452960 -14.029342 7.836065 232.115575
0.863180 -0.318285 0.391938 0.490807 0.346852 -0.799251 0.118445 0.882263 0.455612 -13.576107 6.777593 232.229994
0.862939 -0.324025 0.387742 0.490287 0.351197 -0.797671 0.122291 0.878447 0.461927 -13.251178 5.083334 232.595840
0.865267 -0.331155 0.376364 0.484370 0.358733 -0.797933 0.129226 0.872724 0.470801 -12.831640 3.433879 231.728622
0.864531 -0.339016 0.371018 0.483677 0.360677 -0.797476 0.136539 0.868896 0.475791 -12.531521 2.218034 231.599762
0.862653 -0.348822 0.366269 0.484535 0.362176 -0.796275 0.145104 0.864380 0.481449 -12.243251 0.655968 231.671227
0.861700 -0.361567 0.356008 0.482441 0.366384 -0.795621 0.157235 0.857340 0.490148 -11.919618 -1.056251 231.040254
0.861116 -0.371559 0.347020 0.479589 0.367109 -0.797010 0.168742 0.852745 0.494319 -11.732251 -2.217849 230.298564
0.860036 -0.378070 0.342638 0.479116 0.367477 -0.797125 0.175458 0.849720 0.497183 -12.030334 -2.998234 229.630562
0.858483 -0.382470 0.341648 0.480765 0.368294 -0.795754 0.178526 0.847394 0.500052 -12.475422 -3.567369 229.462081
0.857479 -0.385717 0.340519 0.482215 0.371648 -0.793313 0.179441 0.844453 0.504679 -12.952355 -4.325351 229.223984
0.857435 -0.389526 0.336266 0.481424 0.376401 -0.791551 0.181759 0.840590 0.510266 -13.235071 -4.947993 228.724094
0.856829 -0.391790 0.335179 0.482112 0.378328 -0.790213 0.182790 0.838671 0.513049 -13.494829 -5.541197 228.652257
0.856352 -0.395646 0.331852 0.482235 0.382869 -0.787947 0.184692 0.834791 0.518665 -13.770509 -6.361758 228.298631
0.858214 -0.397444 0.324818 0.478379 0.389921 -0.786838 0.186071 0.830662 0.524765 -13.883633 -7.041609 227.478810
0.861944 -0.393805 0.319327 0.472351 0.394895 -0.787999 0.184217 0.830046 0.526392 -14.045634 -6.730566 226.424966
0.862426 -0.389956 0.322731 0.473230 0.394863 -0.787488 0.179651 0.831876 0.525079 -14.436105 -6.089410 226.455330
0.865247 -0.384979 0.321152 0.468985 0.395113 -0.789898 0.177203 0.834073 0.522420 -14.609400 -5.130731 225.686609
0.866240 -0.380475 0.323831 0.468069 0.391284 -0.792344 0.174757 0.837935 0.517034 -14.756961 -3.427955 225.558859
0.868744 -0.372702 0.326153 0.464419 0.384287 -0.797897 0.172042 0.844640 0.506937 -14.665499 -1.584283 225.653653
0.872227 -0.358139 0.333102 0.461475 0.376952 -0.803087 0.162053 0.854192 0.494060 -15.116882 0.609682 225.485172
0.874534 -0.342378 0.343465 0.461901 0.372234 -0.805040 0.147779 0.862681 0.483676 -15.930593 2.791242 225.551083
0.876457 -0.325065 0.355184 0.463326 0.368759 -0.805820 0.130966 0.870833 0.473812 -16.794108 4.819688 226.080597
0.879646 -0.307912 0.362511 0.461583 0.368782 -0.806809 0.114738 0.877035 0.466525 -17.515247 6.528944 226.066526
0.882550 -0.288721 0.371140 0.460085 0.367250 -0.808362 0.097090 0.884176 0.456953 -18.311739 8.439452 226.083930
0.884252 -0.271336 0.380099 0.460113 0.366807 -0.808547 0.079965 0.889848 0.449195 -19.067130 10.183886 226.404971
0.887206 -0.255472 0.384188 0.456714 0.368242 -0.809821 0.065412 0.893942 0.443384 -19.445380 11.616165 226.532350
0.890615 -0.236716 0.388292 0.452071 0.368165 -0.812457 0.049366 0.899122 0.434906 -19.793638 13.167308 226.626774
0.892951 -0.218673 0.393474 0.448980 0.369527 -0.813552 0.032503 0.903124 0.428149 -20.313894 14.315761 226.951888
0.895623 -0.200324 0.397152 0.444567 0.373384 -0.814214 0.014816 0.905790 0.423469 -20.848592 15.370530 226.954110
0.896640 -0.185314 0.402115 0.442761 0.376437 -0.813792 -0.000564 0.907719 0.419579 -21.272574 16.216827 227.514728
0.898393 -0.174133 0.403197 0.439057 0.378940 -0.814637 -0.010932 0.908891 0.416891 -21.528444 16.745415 227.501398
0.898224 -0.167256 0.406471 0.439197 0.377942 -0.815025 -0.017305 0.910596 0.412935 -21.922987 17.504138 227.491770
0.896194 -0.168610 0.410374 0.443348 0.375207 -0.814041 -0.016720 0.911477 0.411011 -22.172007 18.004029 228.050907
0.896444 -0.168701 0.409791 0.442951 0.369348 -0.816931 -0.013539 0.913850 0.405826 -22.460647 18.613895 227.550276
0.893187 -0.166490 0.417730 0.449422 0.362291 -0.816557 -0.015391 0.917075 0.398418 -23.481350 19.489445 227.720239
0.889291 -0.167624 0.425515 0.457035 0.359785 -0.813434 -0.016743 0.917855 0.396564 -24.581295 20.006184 227.956484
0.886397 -0.171044 0.430168 0.462632 0.360443 -0.809971 -0.016510 0.916965 0.398626 -25.309469 20.149671 228.480813
0.886540 -0.170956 0.429908 0.462350 0.360936 -0.809912 -0.016710 0.916787 0.399026 -25.651617 20.279087 228.516361
0.884219 -0.173829 0.433521 0.466751 0.363295 -0.806325 -0.017334 0.915314 0.402367 -25.950996 20.097460 229.630192
0.883677 -0.183772 0.430515 0.467961 0.369051 -0.803003 -0.011313 0.911060 0.412120 -25.562747 19.053984 230.757353
0.886495 -0.196731 0.418835 0.462730 0.371815 -0.804757 0.002592 0.907221 0.420646 -24.473541 18.056054 230.676630
0.885038 -0.212684 0.414092 0.465121 0.367275 -0.805464 0.019224 0.905469 0.423976 -23.581699 17.412862 231.429058
0.882952 -0.233992 0.406993 0.467682 0.362959 -0.805937 0.040861 0.901947 0.429909 -22.721331 16.393825 231.643456
0.880403 -0.255365 0.399598 0.469911 0.356358 -0.807585 0.063829 0.898776 0.433738 -21.919284 15.569561 231.567917
0.876419 -0.270074 0.398685 0.474868 0.347280 -0.808639 0.079937 0.898029 0.432613 -21.781537 14.875083 231.654935
0.871211 -0.283490 0.400780 0.482457 0.343610 -0.805709 0.090698 0.895302 0.436129 -22.187929 13.839568 231.947463
0.869294 -0.293833 0.397479 0.484333 0.345708 -0.803684 0.098737 0.891150 0.442835 -22.510637 12.658900 231.316120
0.865945 -0.301679 0.398910 0.489377 0.346515 -0.800273 0.103197 0.888210 0.447698 -22.928693 11.716329 231.479788
0.863880 -0.310909 0.396292 0.491669 0.349589 -0.797527 0.109419 0.883812 0.454867 -23.069959 10.413095 231.466457
0.863390 -0.319816 0.390225 0.490760 0.352828 -0.796660 0.117102 0.879335 0.461580 -22.961094 9.267975 230.885473
0.861480 -0.328216 0.387462 0.492308 0.352855 -0.795693 0.124441 0.876224 0.465561 -22.913511 8.340770 230.898433
0.859685 -0.337025 0.383869 0.493357 0.352964 -0.794994 0.132441 0.872829 0.469711 -22.902403 7.191762 230.822524
0.858693 -0.343663 0.380188 0.493488 0.354325 -0.794307 0.138264 0.869684 0.473850 -23.150312 6.004244 230.397061
0.858499 -0.345363 0.379084 0.493712 0.356743 -0.793084 0.138666 0.868020 0.476774 -23.892557 5.144617 229.582425
0.855426 -0.348670 0.382982 0.499577 0.360400 -0.787740 0.136635 0.865182 0.482483 -25.061561 4.341459 229.259162
0.854173 -0.353225 0.381603 0.501516 0.365746 -0.784036 0.137371 0.861082 0.489558 -25.778441 3.778989 228.601528
0.852859 -0.355779 0.382169 0.503403 0.365946 -0.782732 0.138626 0.859945 0.491200 -26.266668 3.498680 228.584124
0.851811 -0.355910 0.384377 0.505365 0.365120 -0.781852 0.137925 0.860242 0.490878 -27.007432 3.208558 228.231238
0.849937 -0.353948 0.390293 0.509952 0.366334 -0.778298 0.132500 0.860535 0.491857 -28.198283 2.861227 227.970555
0.849814 -0.349147 0.394858 0.512435 0.371902 -0.774015 0.123397 0.860108 0.494963 -29.394132 2.477422 227.436967
0.851618 -0.339124 0.399677 0.512439 0.378292 -0.770909 0.110239 0.861330 0.495941 -30.510000 2.341896 226.830063
0.852666 -0.327741 0.406874 0.513708 0.384009 -0.767230 0.095210 0.863205 0.495794 -31.692334 2.436505 226.358314
0.853010 -0.319839 0.412404 0.515167 0.389556 -0.763445 0.083525 0.863684 0.497066 -32.595470 2.622760 226.151693
0.855485 -0.311465 0.413685 0.512340 0.393103 -0.763530 0.075192 0.865136 0.495869 -33.006491 3.105247 225.753632
0.858192 -0.297475 0.418348 0.509433 0.393331 -0.765356 0.063125 0.869942 0.489097 -33.562851 3.947100 225.608478
0.859605 -0.282546 0.425731 0.508700 0.394970 -0.764998 0.047996 0.874166 0.483250 -34.383413 4.703232 225.734377
0.861353 -0.267975 0.431578 0.506975 0.399348 -0.763870 0.032348 0.876761 0.479837 -35.166575 5.138507 225.835466
0.863723 -0.252981 0.435870 0.503698 0.405142 -0.762986 0.016432 0.878556 0.477356 -35.843094 5.577300 225.800658
0.865518 -0.238018 0.440711 0.500877 0.410162 -0.762161 0.000646 0.880406 0.474220 -36.490545 5.863163 226.107999
0.868066 -0.224058 0.443012 0.496246 0.417152 -0.761397 -0.014207 0.880785 0.473303 -37.017281 6.012390 225.974694
0.869560 -0.210883 0.446536 0.493016 0.422540 -0.760523 -0.028298 0.881470 0.471392 -37.562718 6.208273 226.063194
0.870050 -0.201217 0.450027 0.491350 0.427772 -0.758675 -0.039850 0.881205 0.471051 -38.075198 6.327506 226.213161
0.871869 -0.192441 0.450346 0.487291 0.432732 -0.758479 -0.048917 0.880744 0.471060 -38.383464 6.445073 225.940257
0.872284 -0.184181 0.452989 0.485565 0.435856 -0.757797 -0.057866 0.880969 0.469622 -38.719317 6.929782 226.028016
0.872010 -0.179036 0.455571 0.485255 0.438327 -0.756569 -0.064236 0.880804 0.469103 -38.854102 7.028464 226.953369
0.874924 -0.172077 0.452655 0.479257 0.441693 -0.758433 -0.069425 0.880509 0.468917 -38.794856 6.853317 226.912267
0.874210 -0.163033 0.457359 0.478941 0.444397 -0.757051 -0.079824 0.880869 0.466580 -39.500628 6.658360 227.118148
0.874039 -0.157132 0.459745 0.477659 0.450984 -0.753960 -0.088867 0.878592 0.469233 -40.236022 6.196979 226.577155
0.871558 -0.151719 0.466228 0.480209 0.456017 -0.749298 -0.098925 0.876944 0.470302 -41.197109 5.844649 226.564195
0.868801 -0.150263 0.471812 0.483504 0.462987 -0.742878 -0.106816 0.873536 0.474896 -42.028038 4.855791 226.982622
0.870567 -0.145520 0.470040 0.478747 0.471128 -0.740837 -0.113643 0.869978 0.479816 -42.488123 4.025417 225.772887
0.866165 -0.141034 0.479446 0.484071 0.475243 -0.734724 -0.124232 0.868478 0.479909 -43.690083 3.252623 225.872124
0.864665 -0.141750 0.481935 0.485422 0.482706 -0.728944 -0.129305 0.864235 0.486188 -44.446769 2.166008 225.153022
0.861214 -0.142920 0.487733 0.490327 0.486185 -0.723328 -0.133750 0.862089 0.488787 -45.432109 1.189740 224.744963
0.856704 -0.149413 0.493694 0.497780 0.490324 -0.715401 -0.135180 0.858638 0.494437 -46.533165 -0.193476 224.319130
0.851210 -0.155519 0.501254 0.506419 0.494109 -0.706680 -0.137772 0.855377 0.499348 -47.949522 -1.770724 223.468946
0.844717 -0.160926 0.510447 0.515487 0.501171 -0.695054 -0.143969 0.850253 0.506303 -49.683032 -3.546262 221.838931
